1 14.8312
1.00334 15.1277
1.00669 15.4251
1.01003 15.7232
1.01338 16.0216
1.01672 16.3202
1.02007 16.6186
1.02341 16.9167
1.02676 17.2141
1.0301 17.5107
1.03344 17.8061
1.03679 18.1002
1.04013 18.3926
1.04348 18.6831
1.04682 18.9714
1.05017 19.2574
1.05351 19.5407
1.05686 19.8211
1.0602 20.0983
1.06355 20.3722
1.06689 20.6423
1.07023 20.9086
1.07358 21.1706
1.07692 21.4283
1.08027 21.6812
1.08361 21.9293
1.08696 22.1721
1.0903 22.4095
1.09365 22.6413
1.09699 22.867
1.10033 23.0866
1.10368 23.2997
1.10702 23.5061
1.11037 23.7056
1.11371 23.8978
1.11706 24.0826
1.1204 24.2597
1.12375 24.4288
1.12709 24.5897
1.13043 24.742
1.13378 24.8857
1.13712 25.0204
1.14047 25.1458
1.14381 27.1779
1.14716 27.455
1.1505 27.7327
1.15385 28.011
1.15719 28.2901
1.16054 28.5701
1.16388 28.851
1.16722 29.133
1.17057 29.4161
1.17391 29.7006
1.17726 29.9864
1.1806 30.2737
1.18395 30.5625
1.18729 30.8531
1.19064 31.1454
1.19398 31.4397
1.19732 31.7359
1.20067 32.0342
1.20401 32.3348
1.20736 32.6376
1.2107 32.9429
1.21405 33.2506
1.21739 33.561
1.22074 33.8741
1.22408 34.19
1.22742 34.5088
1.23077 34.8307
1.23411 35.1557
1.23746 35.4839
1.2408 35.8155
1.24415 36.1505
1.24749 36.489
1.25084 36.8312
1.25418 37.1772
1.25753 37.527
1.26087 37.8807
1.26421 38.2385
1.26756 38.6005
1.2709 38.9667
1.27425 39.3373
1.27759 39.7124
1.28094 40.092
1.28428 40.4764
1.28763 40.8356
1.29097 41.2223
1.29431 41.613
1.29766 42.0078
1.301 42.4067
1.30435 42.8097
1.30769 43.2169
1.31104 43.6283
1.31438 44.0438
1.31773 44.4637
1.32107 44.8878
1.32441 45.3162
1.32776 45.749
1.3311 46.1861
1.33445 46.6277
1.33779 47.0737
1.34114 47.5242
1.34448 47.9792
1.34783 48.4388
1.35117 48.9029
1.35452 49.3716
1.35786 49.845
1.3612 50.323
1.36455 50.8057
1.36789 51.2932
1.37124 51.7854
1.37458 52.2825
1.37793 52.7844
1.38127 53.2911
1.38462 53.8027
1.38796 54.3193
1.3913 54.8408
1.39465 55.3673
1.39799 55.8988
1.40134 56.4354
1.40468 56.9771
1.40803 57.5239
1.41137 58.0759
1.41472 58.633
1.41806 59.1954
1.4214 59.763
1.42475 60.3359
1.42809 60.9141
1.43144 61.0556
1.43478 61.6039
1.43813 62.155
1.44147 62.7088
1.44482 63.2652
1.44816 63.8242
1.45151 64.3857
1.45485 64.9496
1.45819 65.5159
1.46154 66.0846
1.46488 66.6554
1.46823 67.2285
1.47157 67.8037
1.47492 68.3809
1.47826 68.9601
1.48161 69.5413
1.48495 70.1243
1.48829 70.7091
1.49164 71.2956
1.49498 71.8837
1.49833 72.4735
1.50167 73.0648
1.50502 73.6575
1.50836 74.2517
1.51171 74.8472
1.51505 75.4439
1.51839 76.0419
1.52174 76.641
1.52508 77.2411
1.52843 77.8423
1.53177 78.4444
1.53512 79.0474
1.53846 79.6511
1.54181 80.2557
1.54515 80.8609
1.54849 81.4667
1.55184 82.0731
1.55518 82.6799
1.55853 83.2872
1.56187 83.8948
1.56522 84.5027
1.56856 85.1108
1.57191 85.7361
1.57525 86.3493
1.5786 86.9632
1.58194 87.5777
1.58528 88.193
1.58863 88.8091
1.59197 89.4258
1.59532 90.0432
1.59866 90.6613
1.60201 91.2801
1.60535 91.8995
1.6087 92.5197
1.61204 93.1405
1.61538 93.762
1.61873 94.3841
1.62207 95.0069
1.62542 95.6303
1.62876 96.2544
1.63211 96.8791
1.63545 97.5045
1.6388 98.1304
1.64214 98.757
1.64548 99.3842
1.64883 100.012
1.65217 100.64
1.65552 101.269
1.65886 101.899
1.66221 102.529
1.66555 103.16
1.6689 103.791
1.67224 104.423
1.67559 105.056
1.67893 105.689
1.68227 106.322
1.68562 106.956
1.68896 107.591
1.69231 108.226
1.69565 108.862
1.699 109.498
1.70234 110.135
1.70569 110.772
1.70903 111.41
1.71237 112.048
1.71572 113.257
1.71906 113.953
1.72241 114.653
1.72575 115.357
1.7291 116.067
1.73244 116.781
1.73579 117.501
1.73913 118.227
1.74247 118.957
1.74582 119.694
1.74916 120.437
1.75251 121.186
1.75585 121.941
1.7592 122.703
1.76254 123.471
1.76589 124.247
1.76923 125.029
1.77258 125.819
1.77592 126.616
1.77926 127.42
1.78261 128.233
1.78595 129.053
1.7893 129.881
1.79264 130.718
1.79599 131.563
1.79933 132.417
1.80268 133.28
1.80602 134.152
1.80936 135.033
1.81271 135.923
1.81605 136.823
1.8194 137.733
1.82274 138.652
1.82609 139.582
1.82943 140.522
1.83278 141.472
1.83612 142.433
1.83946 143.405
1.84281 144.388
1.84615 145.382
1.8495 146.387
1.85284 147.404
1.85619 148.433
1.85953 149.983
1.86288 151.08
1.86622 152.191
1.86957 153.318
1.87291 154.459
1.87625 155.617
1.8796 156.79
1.88294 157.979
1.88629 159.184
1.88963 160.405
1.89298 161.643
1.89632 162.899
1.89967 164.171
1.90301 165.46
1.90635 166.768
1.9097 168.093
1.91304 169.436
1.91639 170.798
1.91973 172.178
1.92308 173.577
1.92642 174.995
1.92977 176.432
1.93311 177.889
1.93645 179.366
1.9398 180.863
1.94314 182.38
1.94649 183.917
1.94983 185.476
1.95318 187.055
1.95652 188.655
1.95987 190.277
1.96321 191.921
1.96656 193.586
1.9699 195.274
1.97324 196.984
1.97659 198.717
1.97993 200.472
1.98328 202.251
1.98662 204.053
1.98997 205.879
1.99331 207.728
1.99666 209.602
2 211.5
