0 -16.1293
0.0200669 -11.9606
0.0401338 -8.265
0.0602007 -5.00765
0.0802676 -2.15389
0.100334 0.330996
0.120401 2.48174
0.140468 4.33307
0.160535 5.9197
0.180602 7.27634
0.200669 8.43774
0.220736 9.43859
0.240803 10.3136
0.26087 11.0976
0.280936 11.8252
0.301003 12.5311
0.32107 13.2501
0.341137 14.0169
0.361204 14.8663
0.381271 15.8328
0.401338 16.9514
0.421405 18.2566
0.441472 19.7832
0.461538 21.5659
0.481605 23.6395
0.501672 26.0387
0.521739 28.7982
0.541806 31.9526
0.561873 35.5369
0.58194 39.5855
0.602007 44.1334
0.622074 49.2151
0.64214 54.8655
0.662207 61.1192
0.682274 68.011
0.702341 75.5756
0.722408 0.705331
0.742475 0.622882
0.762542 0.620908
0.782609 0.703861
0.802676 0.87619
0.822742 1.14235
0.842809 1.50678
0.862876 1.97394
0.882943 2.54827
0.90301 3.23423
0.923077 4.03627
0.943144 4.95883
0.963211 6.00637
0.983278 7.18333
1.00334 8.49418
1.02341 9.94334
1.04348 11.5353
1.06355 13.2745
1.08361 15.1653
1.10368 17.2123
1.12375 19.4198
1.14381 21.7924
1.16388 24.3345
1.18395 27.0504
1.20401 29.9448
1.22408 33.022
1.24415 36.2864
1.26421 39.7426
1.28428 43.395
1.30435 47.248
1.32441 51.306
1.34448 55.5736
1.36455 60.0552
1.38462 64.7552
1.40468 69.678
1.42475 74.8282
1.44482 62.583
1.46488 66.4213
1.48495 70.382
1.50502 74.466
1.52508 78.6741
1.54515 83.0069
1.56522 87.4654
1.58528 92.0502
1.60535 96.7621
1.62542 101.602
1.64548 106.571
1.66555 111.669
1.68562 116.897
1.70569 122.256
1.72575 127.747
1.74582 133.371
1.76589 139.128
1.78595 145.019
1.80602 151.046
1.82609 157.207
1.84615 163.506
1.86622 169.941
1.88629 176.515
1.90635 183.227
1.92642 190.079
1.94649 197.071
1.96656 204.205
1.98662 211.48
2.00669 218.898
2.02676 226.46
2.04682 234.165
2.06689 242.016
2.08696 250.013
2.10702 258.156
2.12709 266.446
2.14716 281.847
2.16722 291.281
2.18729 300.94
2.20736 310.829
2.22742 320.953
2.24749 331.318
2.26756 341.927
2.28763 352.786
2.30769 363.9
2.32776 375.274
2.34783 386.913
2.36789 398.821
2.38796 411.004
2.40803 423.467
2.42809 436.215
2.44816 449.252
2.46823 462.583
2.48829 476.215
2.50836 490.15
2.52843 504.395
2.54849 518.955
2.56856 533.834
2.58863 549.037
2.6087 564.569
2.62876 580.435
2.64883 596.641
2.6689 613.191
2.68896 630.09
2.70903 647.343
2.7291 664.954
2.74916 682.93
2.76923 701.275
2.7893 719.993
2.80936 739.091
2.82943 758.572
2.8495 778.442
2.86957 805.644
2.88963 827.058
2.9097 848.932
2.92977 871.273
2.94983 894.089
2.9699 917.386
2.98997 941.173
3.01003 965.456
3.0301 990.242
3.05017 1015.54
3.07023 1041.35
3.0903 1067.7
3.11037 1094.57
3.13043 1121.98
3.1505 1149.94
3.17057 1178.46
3.19064 1207.54
3.2107 1237.18
3.23077 1267.4
3.25084 1298.21
3.2709 1329.61
3.29097 1361.6
3.31104 1394.2
3.3311 1427.41
3.35117 1461.25
3.37124 1495.71
3.3913 1530.8
3.41137 1566.54
3.43144 1602.92
3.45151 1639.96
3.47157 1677.67
3.49164 1716.04
3.51171 1755.1
3.53177 1794.84
3.55184 1835.27
3.57191 1876.23
3.59197 1918.03
3.61204 1960.54
3.63211 2003.77
3.65217 2047.73
3.67224 2092.41
3.69231 2137.84
3.71237 2184
3.73244 2230.92
3.75251 2278.6
3.77258 2327.05
3.79264 2376.27
3.81271 2426.27
3.83278 2477.06
3.85284 2528.64
3.87291 2581.02
3.89298 2634.21
3.91304 2688.22
3.93311 2743.05
3.95318 2798.71
3.97324 2855.21
3.99331 2912.55
4.01338 2970.74
4.03344 3029.79
4.05351 3089.7
4.07358 3150.48
4.09365 3212.15
4.11371 3274.7
4.13378 3338.14
4.15385 3402.48
4.17391 3467.73
4.19398 3533.89
4.21405 3600.98
4.23411 3668.99
4.25418 3737.93
4.27425 3807.82
4.29431 3882.64
4.31438 3955.02
4.33445 4028.43
4.35452 4102.89
4.37458 4178.4
4.39465 4254.99
4.41472 4332.65
4.43478 4411.41
4.45485 4491.28
4.47492 4572.27
4.49498 4654.39
4.51505 4737.65
4.53512 4822.08
4.55518 4907.67
4.57525 4994.45
4.59532 5082.42
4.61538 5171.6
4.63545 5262
4.65552 5353.64
4.67559 5446.52
4.69565 5540.66
4.71572 5636.07
4.73579 5732.76
4.75585 5830.75
4.77592 5930.05
4.79599 6030.67
4.81605 6132.63
4.83612 6235.93
4.85619 6340.59
4.87625 6446.62
4.89632 6554.04
4.91639 6662.85
4.93645 6773.07
4.95652 6884.72
4.97659 6997.8
4.99666 7112.32
5.01672 7267.24
5.03679 7389.55
5.05686 7513.81
5.07692 7640.05
5.09699 7768.32
5.11706 7898.66
5.13712 8031.11
5.15719 8165.71
5.17726 8302.51
5.19732 8441.54
5.21739 8582.85
5.23746 8726.48
5.25753 8872.47
5.27759 9020.85
5.29766 9171.68
5.31773 9324.99
5.33779 9480.82
5.35786 9639.22
5.37793 9800.23
5.39799 9963.89
5.41806 10130.2
5.43813 10299.3
5.45819 10471.2
5.47826 10645.8
5.49833 10823.3
5.51839 11003.7
5.53846 11187.1
5.55853 11373.4
5.5786 11562.8
5.59866 11755.2
5.61873 11950.7
5.6388 12149.3
5.65886 12351.2
5.67893 12556.2
5.699 12764.6
5.71906 12976.2
5.73913 13191.2
5.7592 13409.6
5.77926 13631.4
5.79933 13856.7
5.8194 14085.5
5.83946 14317.9
5.85953 14553.8
5.8796 14793.4
5.89967 15036.7
5.91973 15283.7
5.9398 15534.5
5.95987 15789.1
5.97993 16047.5
6 16309.8
