5 6979.35
5.00334 6958.95
5.00669 6940.42
5.01003 6923.72
5.01338 6908.79
5.01672 6895.59
5.02007 6884.06
5.02341 6874.16
5.02676 6865.83
5.0301 6859.03
5.03344 6853.71
5.03679 6849.82
5.04013 6847.3
5.04348 6846.11
5.04682 6846.2
5.05017 6847.51
5.05351 6850.01
5.05686 6853.64
5.0602 6858.35
5.06355 6864.08
5.06689 6870.8
5.07023 6878.45
5.07358 6886.99
5.07692 6896.35
5.08027 6906.5
5.08361 6917.38
5.08696 6928.95
5.0903 6941.15
5.09365 6953.93
5.09699 6967.25
5.10033 6981.06
5.10368 6995.3
5.10702 7009.93
5.11037 7024.89
5.11371 7040.14
5.11706 7055.63
5.1204 7071.31
5.12375 7087.13
5.12709 7103.03
5.13043 7118.98
5.13378 7134.91
5.13712 7150.79
5.14047 7166.55
5.14381 7273.53
5.14716 7297.65
5.1505 7322.12
5.15385 7346.92
5.15719 7372.01
5.16054 7397.39
5.16388 7423.01
5.16722 7448.87
5.17057 7474.93
5.17391 7501.17
5.17726 7527.58
5.1806 7554.12
5.18395 7580.77
5.18729 7607.51
5.19064 7634.31
5.19398 7661.16
5.19732 7688.02
5.20067 7714.88
5.20401 7741.71
5.20736 7768.48
5.2107 7795.18
5.21405 7821.78
5.21739 7848.25
5.22074 7874.58
5.22408 7900.74
5.22742 7926.7
5.23077 7952.44
5.23411 7977.94
5.23746 8003.18
5.2408 8028.12
5.24415 8052.76
5.24749 8077.06
5.25084 8100.99
5.25418 8124.55
5.25753 8147.7
5.26087 8170.42
5.26421 8192.68
5.26756 8214.47
5.2709 8235.75
5.27425 8256.51
5.27759 8276.72
5.28094 8296.37
5.28428 8315.41
5.28763 8409.17
5.29097 8434.03
5.29431 8458.71
5.29766 8483.2
5.301 8507.5
5.30435 8531.6
5.30769 8555.5
5.31104 8579.2
5.31438 8602.69
5.31773 8625.97
5.32107 8649.03
5.32441 8671.88
5.32776 8694.5
5.3311 8716.89
5.33445 8739.06
5.33779 8760.99
5.34114 8782.68
5.34448 8804.13
5.34783 8825.33
5.35117 8846.29
5.35452 8866.99
5.35786 8887.44
5.3612 8907.62
5.36455 8927.54
5.36789 8947.2
5.37124 8966.58
5.37458 8985.69
5.37793 9004.51
5.38127 9023.06
5.38462 9041.31
5.38796 9059.28
5.3913 9076.95
5.39465 9094.32
5.39799 9111.4
5.40134 9128.16
5.40468 9144.62
5.40803 9160.76
5.41137 9176.59
5.41472 9192.1
5.41806 9207.28
5.4214 9222.13
5.42475 9236.65
5.42809 9250.84
5.43144 9313.72
5.43478 9331.7
5.43813 9349.63
5.44147 9367.51
5.44482 9385.35
5.44816 9403.15
5.45151 9420.93
5.45485 9438.68
5.45819 9456.42
5.46154 9474.16
5.46488 9491.89
5.46823 9509.64
5.47157 9527.4
5.47492 9545.18
5.47826 9563
5.48161 9580.85
5.48495 9598.74
5.48829 9616.69
5.49164 9634.69
5.49498 9652.76
5.49833 9670.91
5.50167 9689.13
5.50502 9707.44
5.50836 9725.85
5.51171 9744.36
5.51505 9762.98
5.51839 9781.71
5.52174 9800.57
5.52508 9819.55
5.52843 9838.68
5.53177 9857.95
5.53512 9877.37
5.53846 9896.95
5.54181 9916.7
5.54515 9936.62
5.54849 9956.72
5.55184 9977.01
5.55518 9997.5
5.55853 10018.2
5.56187 10039.1
5.56522 10060.2
5.56856 10081.5
5.57191 10113.3
5.57525 10135.9
5.5786 10158.7
5.58194 10181.9
5.58528 10205.3
5.58863 10229
5.59197 10253
5.59532 10277.3
5.59866 10301.9
5.60201 10326.9
5.60535 10352.2
5.6087 10377.8
5.61204 10403.7
5.61538 10430
5.61873 10456.6
5.62207 10483.6
5.62542 10511
5.62876 10538.7
5.63211 10566.8
5.63545 10595.3
5.6388 10624.1
5.64214 10653.4
5.64548 10683.1
5.64883 10713.1
5.65217 10743.6
5.65552 10774.5
5.65886 10805.9
5.66221 10837.6
5.66555 10869.8
5.6689 10902.5
5.67224 10935.6
5.67559 10969.1
5.67893 11003.2
5.68227 11037.7
5.68562 11072.6
5.68896 11108.1
5.69231 11144
5.69565 11180.5
5.699 11217.4
5.70234 11254.9
5.70569 11292.9
5.70903 11331.4
5.71237 11370.4
5.71572 11373.2
5.71906 11409.5
5.72241 11446
5.72575 11482.8
5.7291 11519.8
5.73244 11557
5.73579 11594.5
5.73913 11632.1
5.74247 11669.9
5.74582 11707.9
5.74916 11746.1
5.75251 11784.4
5.75585 11822.9
5.7592 11861.6
5.76254 11900.3
5.76589 11939.2
5.76923 11978.3
5.77258 12017.4
5.77592 12056.6
5.77926 12095.9
5.78261 12135.3
5.78595 12174.7
5.7893 12214.2
5.79264 12253.8
5.79599 12293.4
5.79933 12333
5.80268 12372.7
5.80602 12412.4
5.80936 12452
5.81271 12491.7
5.81605 12531.3
5.8194 12571
5.82274 12610.5
5.82609 12650.1
5.82943 12689.6
5.83278 12729
5.83612 12768.4
5.83946 12807.6
5.84281 12846.8
5.84615 12885.9
5.8495 12924.9
5.85284 12963.7
5.85619 13002.4
5.85953 12943.5
5.86288 12972.3
5.86622 13000.2
5.86957 13027.2
5.87291 13053.2
5.87625 13078.3
5.8796 13102.3
5.88294 13125.2
5.88629 13147
5.88963 13167.6
5.89298 13187
5.89632 13205.2
5.89967 13222
5.90301 13237.5
5.90635 13251.6
5.9097 13264.3
5.91304 13275.5
5.91639 13285.2
5.91973 13293.3
5.92308 13299.8
5.92642 13304.6
5.92977 13307.8
5.93311 13309.2
5.93645 13308.8
5.9398 13306.6
5.94314 13302.6
5.94649 13296.6
5.94983 13288.7
5.95318 13278.8
5.95652 13266.8
5.95987 13252.8
5.96321 13236.6
5.96656 13218.3
5.9699 13197.7
5.97324 13174.9
5.97659 13149.8
5.97993 13122.3
5.98328 13092.5
5.98662 13060.2
5.98997 13025.5
5.99331 12988.2
5.99666 12948.4
6 12905.9
