-5 5714.91
-4.96656 5552.27
-4.93311 5393.38
-4.89967 5238.18
-4.86622 5086.58
-4.83278 4938.52
-4.79933 4793.93
-4.76589 4652.74
-4.73244 4514.86
-4.699 4380.23
-4.66555 4248.79
-4.63211 4120.44
-4.59866 3995.13
-4.56522 3872.79
-4.53177 3753.33
-4.49833 3636.69
-4.46488 3522.79
-4.43144 3411.57
-4.39799 3302.94
-4.36455 3196.85
-4.3311 3093.21
-4.29766 2991.96
-4.26421 2893.02
-4.23077 2796.32
-4.19732 2701.79
-4.16388 2609.35
-4.13043 2518.94
-4.09699 2430.48
-4.06355 2343.89
-4.0301 2259.12
-3.99666 2176.08
-3.96321 2094.71
-3.92977 2014.92
-3.89632 1936.66
-3.86288 1859.84
-3.82943 1784.4
-3.79599 1710.26
-3.76254 1637.35
-3.7291 1565.6
-3.69565 1494.94
-3.66221 1425.29
-3.62876 1356.58
-3.59532 1288.74
-3.56187 1370
-3.52843 1317.48
-3.49498 1266.53
-3.46154 1217.11
-3.42809 1169.19
-3.39465 1122.74
-3.3612 1077.71
-3.32776 1034.08
-3.29431 991.8
-3.26087 950.843
-3.22742 911.172
-3.19398 872.751
-3.16054 835.544
-3.12709 799.514
-3.09365 764.628
-3.0602 730.848
-3.02676 698.139
-2.99331 666.466
-2.95987 635.792
-2.92642 606.083
-2.89298 577.302
-2.85953 549.413
-2.82609 522.382
-2.79264 496.172
-2.7592 470.747
-2.72575 446.073
-2.69231 422.112
-2.65886 398.83
-2.62542 376.191
-2.59197 354.159
-2.55853 332.699
-2.52508 311.774
-2.49164 291.349
-2.45819 271.389
-2.42475 251.857
-2.3913 232.719
-2.35786 213.937
-2.32441 195.477
-2.29097 177.304
-2.25753 159.38
-2.22408 141.671
-2.19064 124.14
-2.15719 106.753
-2.12375 164.111
-2.0903 153.816
-2.05686 144.016
-2.02341 134.694
-1.98997 125.834
-1.95652 117.417
-1.92308 109.425
-1.88963 101.843
-1.85619 94.6517
-1.82274 87.8345
-1.7893 81.374
-1.75585 75.2527
-1.72241 69.4533
-1.68896 63.9585
-1.65552 58.7508
-1.62207 53.813
-1.58863 49.1277
-1.55518 44.6774
-1.52174 40.4449
-1.48829 36.4128
-1.45485 32.5638
-1.4214 28.8804
-1.38796 25.3453
-1.35452 21.9412
-1.32107 18.6506
-1.28763 15.4563
-1.25418 12.3409
-1.22074 9.28699
-1.18729 6.27723
-1.15385 3.29428
-1.1204 0.32076
-1.08696 -2.66068
-1.05351 -5.6674
-1.02007 -8.71675
-0.986622 -11.8261
-0.953177 -15.0128
-0.919732 -18.2943
-0.886288 -21.6878
-0.852843 -25.2107
-0.819398 -28.8805
-0.785953 -32.7144
-0.752508 -36.7298
-0.719064 -40.9441
-0.685619 0.174811
-0.652174 -0.212904
-0.618729 -0.559274
-0.585284 -0.869353
-0.551839 -1.14819
-0.518395 -1.40084
-0.48495 -1.63235
-0.451505 -1.84778
-0.41806 -2.05217
-0.384615 -2.25058
-0.351171 -2.44806
-0.317726 -2.64965
-0.284281 -2.86043
-0.250836 -3.08542
-0.217391 -3.3297
-0.183946 -3.5983
-0.150502 -3.89628
-0.117057 -4.22869
-0.083612 -4.60058
-0.0501672 -5.01701
-0.0167224 -5.48303
0.0167224 -6.00368
0.0501672 -6.58402
0.083612 -7.22911
0.117057 -7.94398
0.150502 -8.7337
0.183946 -9.60332
0.217391 -10.5579
0.250836 -11.6025
0.284281 -12.7421
0.317726 -13.9818
0.351171 -15.3267
0.384615 -16.7817
0.41806 -18.3521
0.451505 -20.0427
0.48495 -21.8587
0.518395 -23.8052
0.551839 -25.887
0.585284 -28.1095
0.618729 -30.4774
0.652174 -32.996
0.685619 -35.6703
0.719064 1.20722
0.752508 2.06747
0.785953 3.0328
0.819398 4.11064
0.852843 5.30843
0.886288 6.6336
0.919732 8.0936
0.953177 9.69586
0.986622 11.4478
1.02007 13.3569
1.05351 15.4306
1.08696 17.6762
1.1204 20.1013
1.15385 22.7133
1.18729 25.5197
1.22074 28.5277
1.25418 31.745
1.28763 35.1789
1.32107 38.8368
1.35452 42.7263
1.38796 46.8547
1.4214 51.2295
1.45485 55.8581
1.48829 60.748
1.52174 65.9065
1.55518 71.3412
1.58863 77.0594
1.62207 83.0687
1.65552 89.3763
1.68896 95.9899
1.72241 102.917
1.75585 110.164
1.7893 117.74
1.82274 125.652
1.85619 133.906
1.88963 142.511
1.92308 151.474
1.95652 160.802
1.98997 170.503
2.02341 180.585
2.05686 191.054
2.0903 201.918
2.12375 213.185
2.15719 269.727
2.19064 286.122
2.22408 303.244
2.25753 321.111
2.29097 339.745
2.32441 359.166
2.35786 379.395
2.3913 400.452
2.42475 422.357
2.45819 445.131
2.49164 468.795
2.52508 493.368
2.55853 518.872
2.59197 545.326
2.62542 572.752
2.65886 601.169
2.69231 630.599
2.72575 661.061
2.7592 692.577
2.79264 725.165
2.82609 758.848
2.85953 793.646
2.89298 829.578
2.92642 866.665
2.95987 904.929
2.99331 944.389
3.02676 985.065
3.0602 1026.98
3.09365 1070.15
3.12709 1114.6
3.16054 1160.35
3.19398 1207.42
3.22742 1255.82
3.26087 1305.59
3.29431 1356.74
3.32776 1409.29
3.3612 1463.26
3.39465 1518.67
3.42809 1575.54
3.46154 1633.9
3.49498 1693.76
3.52843 1755.14
3.56187 1818.07
3.59532 1919.75
3.62876 1989.24
3.66221 2060.55
3.69565 2133.71
3.7291 2208.76
3.76254 2285.72
3.79599 2364.61
3.82943 2445.48
3.86288 2528.34
3.89632 2613.23
3.92977 2700.17
3.96321 2789.2
3.99666 2880.33
4.0301 2973.61
4.06355 3069.05
4.09699 3166.69
4.13043 3266.55
4.16388 3368.67
4.19732 3473.07
4.23077 3579.78
4.26421 3688.83
4.29766 3800.24
4.3311 3914.06
4.36455 4030.29
4.39799 4148.98
4.43144 4270.16
4.46488 4393.84
4.49833 4520.06
4.53177 4648.85
4.56522 4780.23
4.59866 4914.24
4.63211 5050.9
4.66555 5190.24
4.699 5332.3
4.73244 5477.09
4.76589 5624.64
4.79933 5775
4.83278 5928.17
4.86622 6084.2
4.89967 6243.12
4.93311 6404.94
4.96656 6569.69
5 6737.42
